0 838
1 846
2 843
3 843
4 938
5 832
6 836
7 900
8 960
9 954
10 871
11 873
12 873
13 900
14 872
15 844
16 913
17 875
18 864
19 944
20 860
21 862
22 861
23 855
24 859
25 837
26 983
27 887
28 844
29 855
30 945
31 862
32 858
33 877
34 849
35 901
36 856
37 879
38 853
39 857
40 852
41 979
42 854
43 853
44 844
45 893
46 926
47 874
48 865
49 1174
50 860
51 841
52 862
53 839
54 849
55 877
56 1041
57 856
58 877
59 844
60 997
61 858
62 864
63 835
64 884
65 855
66 872
67 832
68 890
69 872
70 880
71 862
72 850
73 863
74 865
75 835
76 840
77 865
78 834
79 834
80 832
81 830
82 875
83 830
84 850
85 850
86 871
87 832
88 847
89 832
90 855
91 843
92 948
93 816
94 843
95 848
96 814
97 836
98 942
99 824
100 894
101 843
102 830
103 841
104 820
105 815
106 827
107 824
108 866
109 825
110 825
111 831
112 821
113 808
114 828
115 817
116 826
117 808
118 905
119 811
120 827
121 834
122 823
123 815
124 797
125 846
126 829
127 841
128 824
129 797
130 794
131 893
132 847
133 860
134 846
135 841
136 1140
137 876
138 798
139 817
140 918
141 817
142 822
143 843
144 801
145 870
146 810
147 917
148 799
149 908
150 801
151 797
152 842
153 829
154 797
155 813
156 817
157 821
158 887
159 822
160 887
161 795
162 808
163 788
164 794
165 792
166 921
167 775
168 776
169 774
170 808
171 820
172 799
173 807
174 932
175 818
176 829
177 782
178 788
179 776
180 791
181 762
182 781
183 760
184 798
185 774
186 767
187 760
188 858
189 763
190 755
191 751
192 757
193 766
194 765
195 831
196 761
197 755
198 751
199 760
200 760
201 760
202 739
203 756
204 835
205 749
206 756
207 746
208 737
209 751
210 764
211 747
212 745
213 752
214 731
215 745
216 738
217 748
218 803
219 714
220 742
221 740
222 715
223 711
224 741
225 729
226 741
227 720
228 709
229 719
230 735
231 757
232 721
233 745
234 868
235 721
236 708
237 787
238 720
239 712
240 694
241 685
242 681
243 676
244 684
245 945
246 673
247 664
248 891
249 701
250 747
251 645
252 656
253 669
254 646
255 651
256 653
257 634
258 669
259 659
260 655
261 648
262 629
263 665
264 642
265 671
266 636
267 667
268 640
269 645
270 667
271 647
272 639
273 640
274 719
275 648
276 638
277 682
278 644
279 652
280 641
281 647
282 690
283 642
284 643
285 634
286 638
287 638
288 645
289 892
290 749
291 1019
292 648
293 656
294 671
295 665
296 673
297 644
298 893
299 655
300 684
301 653
302 681
303 888
304 735
305 653
306 701
307 694
308 654
309 677
310 665
311 708
312 668
313 671
314 672
315 665
316 658
317 741
318 741
319 774
320 663
321 684
322 664
323 717
324 701
325 688
326 718
327 678
328 690
329 692
330 688
331 680
332 773
333 670
334 697
335 673
336 686
337 709
338 692
339 683
340 681
341 712
342 723
343 701
344 688
345 743
346 920
347 694
348 686
349 743
350 697
351 694
352 686
353 740
354 778
355 707
356 730
357 708
358 730
359 720
360 703
361 727
362 699
363 714
364 696
365 718
366 723
367 720
368 732
369 704
370 705
371 715
372 719
373 729
374 712
375 722
376 712
377 699
378 718
379 718
380 711
381 714
382 1165
383 707
384 758
385 716
386 711
387 734
388 710
389 762
390 712
391 729
392 761
393 739
394 760
395 728
396 722
397 853
398 789
399 766
400 775
401 773
402 786
403 762
404 795
405 751
406 763
407 758
408 773
409 767
410 767
411 808
412 812
413 833
414 796
415 785
416 781
417 834
418 791
419 788
420 923
421 878
422 796
423 858
424 821
425 821
426 856
427 814
428 933
429 811
430 859
431 827
432 983
433 892
434 934
435 838
436 887
437 899
438 832
439 879
440 884
441 862
442 862
443 863
444 871
445 957
446 863
447 841
448 931
449 949
450 859
451 842
452 927
453 879
454 954
455 855
456 853
457 847
458 919
459 867
460 860
461 867
462 876
463 1034
464 1049
465 861
466 853
467 954
468 1256
469 856
470 874
471 870
472 863
473 855
474 862
475 854
476 869
477 860
478 876
479 855
480 979
481 905
482 864
483 914
484 872
485 860
486 1015
487 856
488 856
489 854
490 923
491 888
492 945
493 848
494 860
495 842
496 1071
497 848
498 877
499 848
500 843
501 933
502 851
503 872
504 865
505 872
506 866
507 883
508 861
509 840
510 888
511 841
512 851
513 859
514 858
515 883
516 906
517 838
518 855
519 852
520 859
521 876
522 849
523 846
524 833
525 847
526 852
527 831
528 832
529 837
530 847
531 901
532 847
533 883
534 887
535 846
536 854
537 851
538 853
539 874
540 896
541 929
542 862
543 912
544 1047
545 1000
546 1018
547 901
548 906
549 891
550 923
551 893
552 901
553 900
554 900
555 986
556 952
557 1114
558 1488
559 1063
560 1025
561 934
562 956
563 972
564 940
565 1093
566 952
567 1526
568 957
569 1016
570 1275
571 1056
572 1573
573 979
574 997
575 997
576 999
577 1011
578 1008
579 1021
580 1009
581 1041
582 1016
583 1022
584 1016
585 1020
586 1023
587 1031
588 1038
589 1279
590 1059
591 1138
592 1041
593 1222
594 1171
595 1112
596 1109
597 1069
598 1619
599 1075
600 1102
601 1085
602 1100
603 1075
604 1126
605 1077
606 1166
607 1157
608 1089
609 1124
610 1138
